001011
001100
001101
001110
001111
000000
010000
000000
000000
000000
000000
000010
000100
000101
000110
000111
000000
000000
000000
000000
001010
000000
001011
000000
001100
001101
001110
001111
000000
000000
000000
000000
000001
000010
000011
000100
000110
000000
000000
000000
0
0
0
0
0
0
0
0
0
0
11
11
11
11
11
11
11
11
11
11
010011
010011
100011
100011
000000
000000
000000
000000
000000
000000
001011
001100
001110
000000
001101
001111
010000
000000
010001
000000
000000
000010
000100
000011
000110
000111
001000
000000
000000
000000
001010
000000
001011
001101
001100
000000
001110
001111
010000
000000
000000
000000
000001
000100
000010
000101
000110
001000
000000
000000
0
0
0
0
0
0
0
0
0
0
11
11
11
11
11
11
11
11
11
11
010011
100011
010011
100011
000011
000000
000000
000000
000000
000000