00000000000000000001 00000
00000000000000000000 00000
00000000000000000000 00000
00000001100000000000 00000
00000000000000000010 00000
00000000000000000000 00000
00000000000000000000 00000
00000110000000000000 00000
00000000000000001100 00000
00000000000000000000 00000
00000000000000000000 00000
00001000000000000000 00000
00000000000000110000 00000
00000000000000000000 00000
00000000000000000000 00000
00010000000000000000 00000
00000000000000000000 00000
00000000000000000000 00000
00000000000000000001 00000
00000000000000000000 00000
00000000000000000000 00000
00000001100000000000 00000
00000000000000000010 00000
00000000000000000000 00000
00000000000000000000 00000
00000110000000000000 00000
00000000000000001100 00000
00000000000000000000 00000
00000000000000000000 00000
00001000000000000000 00000
00000000000000110000 00000
00000000000000000000 00000
00000000000000000000 00000
00010000000000000000 00000
00000000000000000000 00000
00000000000000000000 00000
00000000000000000000 00010
00000000000000000001 00000
00000000000000000000 00000
00000000000000000000 00000
00000001100000000000 00000
00000000000000000100 00000
00000000000000000000 00000
00000000000000000000 00000
00001010000000000000 00000
00000000000000001010 00000
00000000000000000000 00000
00000000000000000000 00000
00000100000000000000 00000
00000000000000110000 00000
00000000000000000000 00000
00000000000000000000 00000
00010000000000000000 00000
00000000000001000000 00000
00000000000000000000 00000
00000000000000000000 00000
00100000000000000000 00000
00000000000000000000 00000
00000000000000000000 00000
00000000000000000001 00000
00000000000000000000 00000
00000000000000000000 00000
00000001100000000000 00000
00000000000000000100 00000
00000000000000000000 00000
00000000000000000000 00000
00001010000000000000 00000
00000000000000001010 00000
00000000000000000000 00000
00000000000000000000 00000
00000100000000000000 00000
00000000000000110000 00000
00000000000000000000 00000
00000000000000000000 00000
00010000000000000000 00000
00000000000001000000 00000
00000000000000000000 00000
00000000000000000000 00000
00000000000000000000 00101
00000000000000000001 00000
00000000000000000000 00000
00000000000000000000 00000
00000001100000000000 00000
00000000000000000000 00000
00000000000000000000 00000
00000000000000000100 00000
00000000000000000000 00000
00000000000000000000 00000
00001010000000000000 00000
00000000000000000000 00000
00000000000000000000 00000
00000000000000001010 00000
00000000000000000000 00000
00000000000000000000 00000
00000100000000000000 00000
00000000000000000000 00000
00000000000000000000 00000
00000000000000110000 00000
00000000000000000000 00000
00000000000000000000 00000
00010000000000000000 00000
00000000000001000000 00000
00000000000000000000 00000
00000000000000000000 00000
00100000000000000000 00000
00000000000000000000 00000
00000000000000000000 00000
00000000000000000001 00000
00000000000000000000 00000
00000000000000000000 00000
00000001100000000000 00000
00000000000000000000 00000
00000000000000000000 00000
00000000000000000100 00000
00000000000000000000 00000
00000000000000000000 00000
00001010000000000000 00000
00000000000000000000 00000
00000000000000000000 00000
00000000000000001010 00000
00000000000000000000 00000
00000000000000000000 00000
00000100000000000000 00000
00000000000000000000 00000
00000000000000000000 00000
00000000000000110000 00000
00000000000000000000 00000
00000000000000000000 00000
00010000000000000000 00000
00000000000001000000 00000
00000000000000000000 00000
00000000000000000000 00000
00100000000000000000 00000
00000000000000000000 00000
00000000000000000000 00000
00000000000000000000 01010
