01011101101011110010 00000
01011101101011110010 00000
01011101101011110010 00001
01000001101000110010 00000
01000001101000110010 00000
01000001101000110010 00000
01001101101001010010 00000
01001101101001010010 00000
01001101101001010010 00110
00000000000000000000 00000
01011101101011110010 00000
01011101101011110010 00000
01011101101011110010 00000
01000001101000110010 00000
01000001101000110010 00000
01000001101000110010 00000
01001101101001010010 00000
01001101101001010010 00000
01001101101001010010 00000
